% Plot koordinat ke variable
X = [0 -0.5 5.5 -2.8 -7.7 -10.4 -3.7 0.2 -1.7 -7.5 -4.8 2; 0 -4.8 -0.7 -2 -1.9 -2.8 -5.8 1.3 -7 -0.8 1.8 8.5];
%disp(X);

